0x9c2c755a2f6312daa3cd15f676a41445845db8ad
0x9c1569bb3227b2631c1af15b3d076675b3c4e99b
0x9c39cd2f557b5e851f44ab18714bbbb15fa7417e
0x9c28f1bb95d7e7fe88e6e8458d53be127cc2dc4f
0x9cbd7bed2c11c4126e5d4d40b14e2a747591b265
0x9cf26e4895225a295fa6127fac2a7104a4ade9be
0x9c938ae96a9f85016b22719c4fa6ad398063c429
0x9c70cf65aa539848a8f9fd94a303b06bc105e5a8
0x9c0ed3d2e1856bcdb768049d3f527a7b5d05e48c
0x9c39f1479b3c7e9539a669c80131f36e1d84fb95
0x9cc1ae3a31224920a47d4d859cdee7149da53e49
0x9c7b6c5b0238b39326357923870b553ee14e0e00
0x9ca1f82ae7009e7a55791a99bf0d189fecfbf213
0x9c73b0c76d7bd8283e0022cd8b28aef131e76f84
0x9c27fa51cc741be38314d4150f89fa01136f26d5
0x9c4682f0ddb3568785bdea7384173714dad00666
0x9cdee5d7513109dbf885000245ce0116b5ea4015
0x9c367c7803f4f70d049c8c3c3fb242d4d6e53609
0x9c2c43dd3a54cc5813b2406f16643a319e1d3fb3
0x9c8c81f3f5c19dffee7257dd7477b8ef6e405e82
0x9cf22aa194206eaf8ec4da57670f95cf674ff46b
0x9c40d87599b7af266f4cb9d696ecc59fd6d38bea
0x9c7c323b040b2eb82ea4d38cec954781b931a785
0x9ca876d8bf22b91a90fe8f177802238531bce541
0x9c8162b03b337ec3499738c74e8009387796d598
0x9c7c2877c13d86d88dff8e0fcde4330e1144c937
0x9ce957e1d2a9c26e726b4b4eb046e911f1738a4a
0x9cd390d6c58be2406c1c1b3c9485bd62dae73a1f
0x9c927fc74e42444a25c854eafee3197f9aebaf72
0x9c8f4116bfd4527be2cf6f08bf64466c36054e8a
0x9c6c5f1b566d579cf3892b2e22bcba7d9380dcd5
0x9c9555e24b3fce7fe3a1187f0273fb6689ef0520
0x9c984039059cff767992c1dd089c4648abb05ea8
0x9c649cb19f8dd6f8c338a3e8253d64efd04b5842
0x9c33610553f770cbe3bd70a76d20c79543c1d86a
0x9cc9fbfd10bb1c27cbe18e40fb113c9534b50d9c
0x9ce58815e794320f0d09f84fbaa7a733dd658c13
0x9caff825c14c882abea26f607333ead6d17fee53
0x9c791d901c647f6be1ace3294366597b85ae6028
0x9cb59d104a16d4664b5b951e8fa7f3fd3c70e4f0
0x9c0bef822c34d9b9c7a5d0dd28cb76ae4fd3d712
0x9ce586cf54fdf7b6be3ac753f830cdaf97883da5
0x9cae68d054e9b501bd87f20f777049e74a263031
0x9c75890313998c86190eba634353de541bd2ccb1
0x9cd1c1f0a867ad42b9ad86813ebce54163de88ee
0x9c5199fb4358092b37ad54ce6dd941c8ea771a46
0x9c529a519345c4975153166892f05dcf5d21e145
0x9c436576ea6e3168be52b0eb1f9f5d76accc9b1c
0x9cded3c530e6ff7501e82913a065cc336ed1b260
0x9cff9812182b8ece601ca09445cd9d69d2f80d2e
0x9c94f4b12310b6d5cdca2ade54038bcb0dad9d3a
0x9c72a4319ef2afedd0b16cf49d5d7ab704d08d45
0x9c67db2084791d4943b1c670db59c27b6659c728
0x9c9a2e63ed3fd4c34849231713d6984798e972b1
0x9cdc96237678b2f68682c1caeb270ae81f9118ce
0x9c440aedb04448b2ddbb4309d018fc5a663cf6c5
0x9c3a989a11ba324daf9793049a4969024aba1584
0x9ca32da3ce42d9b9fc977350f937a8f5e0d4801c
0x9ca4322b3cf8201e2b5387edb7c866e9e107b36e
0x9c3f80e7742a27c3d0f2f92f4798e72819532597
0x9c0da3467aed02e49fe051104efb2255c2982c61
0x9c8dc2cc24a9e28f91c5e55e94382b745a514a61
0x9cb98187cbee46f6c512326c47d4057e3f9767f4
0x9c369ab532831b5d35e65b07bf9dae4c833aa470
0x9c99d03dc1a512b72c45dc39ecd0da1f8dafe3f2
0x9c80e489d689cfa135bca05279a05ae2a8963957
0x9c6483f95b1fa0e13bf7c2d436942c0678ce77c1
0x9ca41681866ca46481fc23c418e7897a7f1d315e
0x9c646e03f5abb3468676b546ca264e7e78f728ad
0x9cd0395bb8a13a23e9256a0cfaf5c2d3f49497de
0x9c5f18bc3ff5418554fad076a754b82a6a9abb8a
0x9c6134e658f464ec7310b5f8de2c7068e551b64d
0x9c3b9e19d51d4f147e5369fc008fa498b84377c7
0x9cead16ee6685f8bf6882b4bdbd6e6269fc6bd5b
0x9c8b370798658036217b7f85d36c63fd5590e5ae
0x9c733dc4df5ab5e3b021b5a03f8778afa057605e
0x9c1e38fb29e4269292ae640b6e0f107dcc69535d
0x9c8655a58d24cc710604bc8c49555a5ac172d8a4
0x9c0cb93ee323e2a1960e1242121d3e33560db0f0
0x9c04056788ae0b566cd73298faa8fc9f87bff8bc
0x9ca2e981ed5fc8885d241baeba09be12fc67e37c
0x9c6b48ef7e1d2d68c5ef64bc05f0f16f17a1c61a
0x9c069729bc9f1b7efa863cc0e97ca86861bec064
0x9c9b873a5149d603836faca0e4c9be761e82f1d0
0x9c62675182baccd26a73b61d83ce7bf44907f02d
0x9cc6813df70732b2c5d4ac687d974ba1e92f7f02
0x9c6dce2ea23cce6c7c54d4ed66c76b3c42ee57a3
0x9c52e0fd78f7f8595b5be7ddef21fea4341ee196
0x9c010e7eb540da6fffe2a23e240afe0ae3c188e9
0x9c77c683f39edb0de3b43ad88d601d80167ee15a
0x9c98b26b0014617795836cf9a740a28b60cd9425
0x9c91a0f74a1dd65944ac4e1b87121618d783cb5f
0x9c1809ce8f13df9a338d2b842ad6721d6270e66e
0x9c4da4144ec98863c9368dcec1f3f7a79bb07aff
0x9c14a2e828d4c065c896d49fe5ffee6bb6b993b5
0x9c82b433e411c412c623197443fff1f17d8008e2
0x9ccc77f7284aef5ee933affc3518c34d9bb620d0
0x9ccc20265b1d5b556ee065d26e388d79837d3283
0x9c814d3bbd5cc715ff9b41825b9948f3492d6284
0x9c1012c06e28ee37721b3786ea1aa40e67b1aad5
0x9ce3aebe5e73cdd5357aa4561fe1b01d78f89fbc
0x9c718585806b13ec5ba8a1f13ac64916d3b14aa2
0x9cd0cb8735988c61227cb424b275b1c64926e56b
0x9c288e7f4dbd99e5753c4fb4c24cad3d73828ecb
0x9c194807e4c533d67e2a61ba8b5540402240d533
0x9cb8a093c6f706094658a3f038ba6723f6a5b625
0x9c6f124a23895859f65a1028891b17f3ab638dca
0x9c68beda4db18207f696b85b7d16cb4104eeaaba
0x9c433f04fe399e337d15778b23b7e9cb6f9651bd
0x9c330a97c3dd093f4b514af6cc2f531ac0cb084b
0x9cd4b3f7f05240b5e07f0512ed7976ad4de81467
0x9cd98ae0d10883e8aa5624c60aade6e6e8542586
0x9c704ee089605fc83dcb36af865e78942955d1f7
0x9c370c1e890b8a5ba268528c2de01f7a1de66186
0x9c5dde694ef0b1c17a7ef6ae2e58b7ed8b1bd56f
0x9c3c83fc9b8fe1dfd5409788d188348413619539
0x9cfa0867672b8bcd1929e9d9cc3cf4d854f53a97
0x9c50fa8277c8cfa862972e9bea9ba1895edd43e4
0x9c4c63a896f815acf14f73891a443fb84d0b54ef
0x9c7735f456b38d1ed69e04a475ded3d831097d3f
0x9cc008db836b9522d70bc758e3054d54625a97c8
0x9c9edb349f26b635b7d9d63630ccdea07add1283
0x9c154774c7b2ad01fa75db93761afa02dc22a594
0x9cdca5c1dd90aaf767fee0b3d82420b938b5848b
0x9c4e8e6a1bed212fb0b3134aa8c57c9323ff4d83
0x9c235cc577e5bc7515a57bafa3e787411989d50a
0x9c26245c14276b6c83449517f95ed939e24748ab
0x9c4f3fef2194a4cbeb6b786f2e7e27091e593f31
0x9c3d73c80ef1f9100f0cc9c96ee89e9e16ee5816
0x9c96367b10b2050451a11e0009c4c777772a1e03
0x9cf56cbefe43eeaf0757701190ee9b18697e26a7
0x9ce5ea07bc5b94b7ada10e4e07ac59aad9a9f958
0x9cd2c92f325283e559d1f910bc20de9802f4fc3f
0x9cd3788645e5ccf2922b6fcc022466e45b8a386e
0x9c6c2dc9ea9dd54963d86254f7df8d9d0fa9f440
0x9cb2915a43161a983c4749f84b044f93dd1def18
0x9c7433f8256454e66dd986d645082daf2910718a
0x9cd33623c6ba64cf84580f4818dc800075ea2e33
0x9c8905dba9a44bc8faa197d8f2df50b2a289ccf1
0x9cda09c90ca75e69e500d19b95277da07cc76a8a
0x9c4f267e14b88e3edcc2974258c6088063313539
0x9c321917b3bdb6f3150f3fcd4acbcd6da92222e8
0x9c839182a15c6747b22ee13f5c4d17d888da82bc
0x9cb03e8994fb6cebab04a1bcf726f47639f99a73
0x9c1ac6237ba1e3f93c9616456d714c74456a5c7a
0x9cec26b763d3dff98d346095988d167874caf84d
0x9c089a843d777c650a7a79d55c5e4bdf95941565
0x9c90938599fc2aff17a03ba7bdaa1047231979ec
0x9cc0111a2c31b42b6eb40516b95f21d4700049cc
0x9c7a6fcace7b1d65e16179fbdeffb9844a4a54bd
0x9ccfa36f9ae3ffe2fa950e1b63ed9b3a392749c0
0x9c57b56c482232ff1a2273f10b7d4f8c79534a86
0x9c560332fd0581046e936c35df4975bed4cf564a
0x9c2c033e2208201827ba80dc9a5510ef102e8004
0x9c9bd3aefd3974a0f21f44ab60c83f65bf47ea4c
0x9c30214a818c13fd99c9d68b6976b6afd4507ee0
0x9c8cf1db26e11dc29cc7ff7a8059fa780e0cf217
0x9c176634a121a588f78b3e5dc59e2382398a0c3c
0x9cd9f38caf08999e660af70d11bb9ce08f16bc42
0x9c6cbdb0dda2eec01f2d2876b9ac990bfc08430f
0x9cb225cc9e1421756fb13993d1c0c92e0e8cf457
0x9c26328fb8193d89fa6bacd9c3fa72169c795c52
0x9c1c21ec0e88b8334ebc5d388a310f59eca0e381
0x9c5cd5b907569fd16a26c3a4c96779a295d37064
0x9c2b5e0cd01ba9c2b2e5cbd1c689c7adae38a4b9
0x9c6e1c1ad7c94ee449177faebcec5d3894f5d940
0x9c6a79a0c922ae123fd3378f13be9f5f421702c3
0x9c75099c120fa48fde058e2b682afe0755369e07
0x9c1283f7cb7b9edb4a0fffce94c410fc0068b72f
0x9ce50a76e3c1392a4452c41945cfe2c78824fc27
0x9c83551e8c31b55e81db9e1aaffeea71c5c0c4e9
0x9c2ad5ab5755d4dac0426455ef6dc26723c92d92
0x9ccac6d11c306317c99b8882e17be4b1eb8d7f3d
0x9c2fd2e634cfc57424b21daf14eff5783ab83ecc
0x9c50feeee64963f85484756880c43a6d943adcc4
0x9c71ac4c9d8318a85fe5b468354bbac1eabb8294
0x9cc1f01826fbd134c46d1927411d740d613a5d85
0x9c7f9eda12c8e9f30c0345de2d38ca094c819efb
0x9c7cc17099ede27b1113fdb38ad1e8ca52b79ec5
0x9c788ededd7fcc8cceca6173a9cc86c710cd96b7
0x9c45759c699624da8ce41ab2b5fc2ae6b51c786e
0x9c5083dd4838e120dbeac44c052179692aa5dac5
0x9cc2a05a93db3f262fca779605ef953da196b6a2
0x9cb4ec1920e61eb679a0c66ce7d520fd04d6c3e9
0x9cb08c319715be255b01b5a6eff68799c4f5e005
0x9c538fb6a03a4cf8bd39629c31a2ea4b976bbd6e
0x9cb61d849537ef9cc8d9546d3e1d6bc2a4296e26
0x9c4baf640089d321f3cb150b7627ca84e8800f23
0x9c9da8bd42023ce23bd6fcc430a110759d8d56c6
0x9c3bacade6bbe81a6238110a28628512abf4ec4a
0x9c3d0d6bb68160888816eb339912ccd0516ff099
0x9cd9a4e53bcabfacbbc65bacf11bcc305032e229
0x9c9dc2110240391d4bee41203bdfbd19c279b429
0x9c67253ac5cf84c7a51ed56649a9c9cbc9f01cad
0x9c911c16c30ea7960352e8d63f04c0058ca21ae8
0x9cfde005bf0f24b8669b8e6ff0bfacf1a09609bc
0x9cdd1d521c02ef738877b3dbe8019bd13a60a6e8
0x9ce96f468c55958830bde52cd8d93d9689843464
0x9c8bcf50c240d04cf4123082569fbdbf61a0b47a
0x9c1d8cd7c7a319e0dded1c2dd36444d52bf4d776
0x9c30cd7f87523c64ea7ea40556432575df8e43b0
0x9cd65466d75ca7d9225758c0c76c5cbf4a4c59ff